1.003016742000000000e+09
1.003040601000000000e+09
1.003042441000000000e+09
1.003057910000000000e+09
1.003061771000000000e+09
1.003065491000000000e+09
1.003066291000000000e+09
1.003284472000000000e+09
1.003801044000000000e+09
1.003807629000000000e+09
1.003809195000000000e+09
1.003811167000000000e+09
1.003817743000000000e+09
1.003838087000000000e+09
1.003845306000000000e+09
1.003854159000000000e+09
1.003858010000000000e+09
1.003859885000000000e+09
1.003867730000000000e+09
1.003878711000000000e+09
1.003885344000000000e+09
1.003886979000000000e+09
1.003892746000000000e+09
1.003902800000000000e+09
1.003903626000000000e+09
1.003904830000000000e+09
1.003908799000000000e+09
1.003915935000000000e+09
1.003918939000000000e+09
1.003927955000000000e+09
1.003972670000000000e+09
1.003980426000000000e+09
1.003999145000000000e+09
1.003999178000000000e+09
1.003999376000000000e+09
1.013009000000000000e+09
1.013009729000000000e+09
1.013018977000000000e+09
1.013021047000000000e+09
1.013038629000000000e+09
1.013056670000000000e+09
1.013059740000000000e+09
1.013063064000000000e+09
1.013067131000000000e+09
1.013072776000000000e+09
1.013074012000000000e+09
1.013081884000000000e+09
1.013090315000000000e+09
1.013091826000000000e+09
1.013093178000000000e+09
1.013097708000000000e+09
1.013122316000000000e+09
1.013129493000000000e+09
1.013131390000000000e+09
1.013147222000000000e+09
1.013160258000000000e+09
1.013169218000000000e+09
1.013178946000000000e+09
1.013242858000000000e+09
1.013264662000000000e+09
1.013286178000000000e+09
1.013286277000000000e+09
1.013290758000000000e+09
1.013297258000000000e+09
1.013347384000000000e+09
1.013396415000000000e+09
1.013908482000000000e+09
1.013919307000000000e+09
1.013941517000000000e+09
1.013954874000000000e+09
1.013957182000000000e+09
1.013967561000000000e+09
1.013999002000000000e+09
1.023000122000000000e+09
1.023004587000000000e+09
1.023006129000000000e+09
1.023042512000000000e+09
1.023045010000000000e+09
1.023079274000000000e+09
1.023093473000000000e+09
1.023094190000000000e+09
1.023119898000000000e+09
1.023120649000000000e+09
1.023125879000000000e+09
1.023145232000000000e+09
1.023166410000000000e+09
1.023169257000000000e+09
1.023177136000000000e+09
1.023184835000000000e+09
1.023208675000000000e+09
1.023220043000000000e+09
1.023235132000000000e+09
1.023268695000000000e+09
1.023269974000000000e+09
1.023292604000000000e+09
1.023413382000000000e+09
1.023425980000000000e+09
1.033127931000000000e+09
1.033136544000000000e+09
1.033145487000000000e+09
1.033186697000000000e+09
1.033194386000000000e+09
1.033206800000000000e+09
1.033206966000000000e+09
1.033213483000000000e+09
1.033217492000000000e+09
1.033230446000000000e+09
1.033256524000000000e+09
1.033261953000000000e+09
1.033267000000000000e+09
1.033274550000000000e+09
1.033274964000000000e+09
1.033284930000000000e+09
1.033295332000000000e+09
1.033297643000000000e+09
1.033299896000000000e+09
1.033299920000000000e+09
1.033301106000000000e+09
1.033301999000000000e+09
1.033348511000000000e+09
1.033354212000000000e+09
1.033382551000000000e+09
1.033388723000000000e+09
1.033390976000000000e+09
1.033414982000000000e+09
1.033440300000000000e+09
1.033556048000000000e+09
1.043213887000000000e+09
1.043215650000000000e+09
1.043217052000000000e+09
1.043219405000000000e+09
1.043220262000000000e+09
1.043226905000000000e+09
1.043238421000000000e+09
1.043257744000000000e+09
1.043270143000000000e+09
1.043281066000000000e+09
1.043284847000000000e+09
1.043290018000000000e+09
1.043302250000000000e+09
1.043311145000000000e+09
1.043312168000000000e+09
1.043326663000000000e+09
1.043343569000000000e+09
1.043348220000000000e+09
1.043362452000000000e+09
1.043369093000000000e+09
1.043375207000000000e+09
1.043382039000000000e+09
1.043395148000000000e+09
1.043402092000000000e+09
1.043409246000000000e+09
1.043420474000000000e+09
1.043424070000000000e+09
1.043424237000000000e+09
1.043478498000000000e+09
1.043480106000000000e+09
1.043493588000000000e+09
1.043514482000000000e+09
1.043518673000000000e+09
1.043590250000000000e+09
1.043590466000000000e+09
1.053303792000000000e+09
1.053309195000000000e+09
1.053334524000000000e+09
1.053344036000000000e+09
1.053348714000000000e+09
1.053348771000000000e+09
1.053354787000000000e+09
1.053357376000000000e+09
1.053360420000000000e+09
1.053360966000000000e+09
1.053363796000000000e+09
1.053372201000000000e+09
1.053393405000000000e+09
1.053411421000000000e+09
1.053412015000000000e+09
1.053417345000000000e+09
1.053427633000000000e+09
1.053441436000000000e+09
1.053443002000000000e+09
1.053450346000000000e+09
1.053458018000000000e+09
1.053460865000000000e+09
1.053468116000000000e+09
1.053474023000000000e+09
1.053499673000000000e+09
1.053505115000000000e+09
1.053535138000000000e+09
1.053557314000000000e+09
1.053565432000000000e+09
1.053590265000000000e+09
1.053640896000000000e+09
1.053656934000000000e+09
1.053661884000000000e+09
1.053669457000000000e+09
1.053670232000000000e+09
1.053696880000000000e+09
1.063417368000000000e+09
1.063436491000000000e+09
1.063436517000000000e+09
1.063443299000000000e+09
1.063452167000000000e+09
1.063477503000000000e+09
1.063482198000000000e+09
1.063485217000000000e+09
1.063488591000000000e+09
1.063491405000000000e+09
1.063499572000000000e+09
1.063501823000000000e+09
1.063525343000000000e+09
1.063537215000000000e+09
1.063547768000000000e+09
1.063562635000000000e+09
1.063583060000000000e+09
1.063588218000000000e+09
1.063594836000000000e+09
1.063611499000000000e+09
1.063612489000000000e+09
1.063629368000000000e+09
1.063652436000000000e+09
1.063658243000000000e+09
1.063666170000000000e+09
1.063689933000000000e+09
1.063691376000000000e+09
1.063696508000000000e+09
1.063717155000000000e+09
1.063720613000000000e+09
1.063721124000000000e+09
1.063731834000000000e+09
1.063740181000000000e+09
1.063749349000000000e+09
1.063786366000000000e+09
1.063827970000000000e+09
1.073510319000000000e+09
1.073524823000000000e+09
1.073548525000000000e+09
1.073549671000000000e+09
1.073555389000000000e+09
1.073589420000000000e+09
1.073625505000000000e+09
1.073628459000000000e+09
1.073653374000000000e+09
1.073672077000000000e+09
1.073682936000000000e+09
1.073721205000000000e+09
1.073725438000000000e+09
1.073725974000000000e+09
1.073735759000000000e+09
1.073750832000000000e+09
1.073808945000000000e+09
1.073810727000000000e+09
1.073827523000000000e+09
1.073842712000000000e+09
1.073843801000000000e+09
1.073845749000000000e+09
1.073846424000000000e+09
1.073848115000000000e+09
1.073870564000000000e+09
1.073893491000000000e+09
1.083152458000000000e+09
1.083600571000000000e+09
1.083612493000000000e+09
1.083614770000000000e+09
1.083627897000000000e+09
1.083632699000000000e+09
1.083654826000000000e+09
1.083655906000000000e+09
1.083667455000000000e+09
1.083681423000000000e+09
1.083703532000000000e+09
1.083706915000000000e+09
1.083726921000000000e+09
1.083746069000000000e+09
1.083748149000000000e+09
1.083756639000000000e+09
1.083763312000000000e+09
1.083763874000000000e+09
1.083784748000000000e+09
1.083789523000000000e+09
1.083797112000000000e+09
1.083803563000000000e+09
1.083823355000000000e+09
1.083833750000000000e+09
1.083850267000000000e+09
1.083857270000000000e+09
1.083910020000000000e+09
1.083919344000000000e+09
1.083932495000000000e+09
1.083949143000000000e+09
1.083972178000000000e+09
1.083986830000000000e+09
1.093007635000000000e+09
1.093034860000000000e+09
1.093041097000000000e+09
1.093089476000000000e+09
1.093239816000000000e+09
1.093705030000000000e+09
1.093706517000000000e+09
1.093716193000000000e+09
1.093726556000000000e+09
1.093755134000000000e+09
1.093755993000000000e+09
1.093776999000000000e+09
1.093779456000000000e+09
1.093784076000000000e+09
1.093800195000000000e+09
1.093805012000000000e+09
1.093814717000000000e+09
1.093851164000000000e+09
1.093865842000000000e+09
1.093877144000000000e+09
1.093882474000000000e+09
1.093887309000000000e+09
1.093892119000000000e+09
1.093926305000000000e+09
1.093927576000000000e+09
1.093950396000000000e+09
1.093958811000000000e+09
1.093962672000000000e+09
1.093969412000000000e+09
1.104022318000000000e+09
1.104028216000000000e+09
1.104028893000000000e+09
1.104033091000000000e+09
1.104038090000000000e+09
1.104044478000000000e+09
1.104048198000000000e+09
1.104059740000000000e+09
1.104091818000000000e+09
1.104126812000000000e+09
1.104129303000000000e+09
1.104198688000000000e+09
1.104239771000000000e+09
1.104800333000000000e+09
1.104801117000000000e+09
1.104809706000000000e+09
1.104824200000000000e+09
1.104825421000000000e+09
1.104834209000000000e+09
1.104849900000000000e+09
1.104856772000000000e+09
1.104860253000000000e+09
1.104870302000000000e+09
1.104877869000000000e+09
1.104891498000000000e+09
1.104909043000000000e+09
1.104924216000000000e+09
1.104924349000000000e+09
1.104941137000000000e+09
1.104943760000000000e+09
1.104947944000000000e+09
1.104948785000000000e+09
1.104965706000000000e+09
1.104974906000000000e+09
1.114009172000000000e+09
1.114018900000000000e+09
1.114025426000000000e+09
1.114027455000000000e+09
1.114030863000000000e+09
1.114036100000000000e+09
1.114049228000000000e+09
1.114063849000000000e+09
1.114072444000000000e+09
1.114073418000000000e+09
1.114106689000000000e+09
1.114106853000000000e+09
1.114130119000000000e+09
1.114137882000000000e+09
1.114179249000000000e+09
1.114196326000000000e+09
1.114197860000000000e+09
1.114201340000000000e+09
1.114215324000000000e+09
1.114227907000000000e+09
1.114319993000000000e+09
1.114320207000000000e+09
1.114336369000000000e+09
1.114931029000000000e+09
1.114932084000000000e+09
1.114942562000000000e+09
1.114951407000000000e+09
1.114972262000000000e+09
1.114973955000000000e+09
1.114982444000000000e+09
1.124000427000000000e+09
1.124016480000000000e+09
1.124052352000000000e+09
1.124055900000000000e+09
1.124058086000000000e+09
1.124064639000000000e+09
1.124065263000000000e+09
1.124080163000000000e+09
1.124082169000000000e+09
1.124088380000000000e+09
1.124089016000000000e+09
1.124097068000000000e+09
1.124103833000000000e+09
1.124109780000000000e+09
1.124120308000000000e+09
1.124127030000000000e+09
1.124146345000000000e+09
1.124148440000000000e+09
1.124148598000000000e+09
1.124165543000000000e+09
1.124170709000000000e+09
1.124182043000000000e+09
1.124186465000000000e+09
1.124201868000000000e+09
1.124202247000000000e+09
1.124203765000000000e+09
1.124214424000000000e+09
1.124228168000000000e+09
1.124246012000000000e+09
1.124246830000000000e+09
1.124250543000000000e+09
1.124254172000000000e+09
1.124264148000000000e+09
1.124277900000000000e+09
1.124296298000000000e+09
1.124309497000000000e+09
1.124341060000000000e+09
1.124344759000000000e+09
1.124351200000000000e+09
1.124355573000000000e+09
1.124375381000000000e+09
1.124384870000000000e+09
1.124385729000000000e+09
1.124391669000000000e+09
1.124398615000000000e+09
1.124423983000000000e+09
1.124439468000000000e+09
1.134102007000000000e+09
1.134106511000000000e+09
1.134119613000000000e+09
1.134126055000000000e+09
1.134139884000000000e+09
1.134158090000000000e+09
1.134173735000000000e+09
1.134181605000000000e+09
1.134203698000000000e+09
1.134213580000000000e+09
1.134234552000000000e+09
1.134246580000000000e+09
1.134247620000000000e+09
1.134250491000000000e+09
1.134279920000000000e+09
1.134280480000000000e+09
1.134282155000000000e+09
1.134285059000000000e+09
1.134286958000000000e+09
1.134288988000000000e+09
1.134293509000000000e+09
1.134303423000000000e+09
1.134315161000000000e+09
1.134345242000000000e+09
1.134387681000000000e+09
1.134391790000000000e+09
1.134393424000000000e+09
1.134394042000000000e+09
1.134427842000000000e+09
1.134467921000000000e+09
1.134472707000000000e+09
1.134539968000000000e+09
1.134575681000000000e+09
1.144201104000000000e+09
1.144202805000000000e+09
1.144220062000000000e+09
1.144237744000000000e+09
1.144277765000000000e+09
1.144286915000000000e+09
1.144297276000000000e+09
1.144306176000000000e+09
1.144323569000000000e+09
1.144330556000000000e+09
1.144337031000000000e+09
1.144349440000000000e+09
1.144369083000000000e+09
1.144388042000000000e+09
1.144392499000000000e+09
1.144403189000000000e+09
1.144417395000000000e+09
1.144431107000000000e+09
1.144472416000000000e+09
1.144493396000000000e+09
1.144505132000000000e+09
1.144511700000000000e+09
1.144532441000000000e+09
1.154309045000000000e+09
1.154316792000000000e+09
1.154337129000000000e+09
1.154349330000000000e+09
1.154350361000000000e+09
1.154351500000000000e+09
1.154362937000000000e+09
1.154363109000000000e+09
1.154363786000000000e+09
1.154379840000000000e+09
1.154382620000000000e+09
1.154391001000000000e+09
1.154391910000000000e+09
1.154396315000000000e+09
1.154397669000000000e+09
1.154413110000000000e+09
1.154434439000000000e+09
1.154441509000000000e+09
1.154471035000000000e+09
1.154484749000000000e+09
1.154490134000000000e+09
1.154498277000000000e+09
1.154502623000000000e+09
1.154545473000000000e+09
1.154562833000000000e+09
1.154579191000000000e+09
1.154589737000000000e+09
1.154595213000000000e+09
1.154603462000000000e+09
1.154625937000000000e+09
1.154626273000000000e+09
1.154694057000000000e+09
1.154734341000000000e+09
1.154748655000000000e+09
1.154753705000000000e+09
1.164414769000000000e+09
1.164443958000000000e+09
1.164451068000000000e+09
1.164458006000000000e+09
1.164459350000000000e+09
1.164474797000000000e+09
1.164475638000000000e+09
1.164482980000000000e+09
1.164484515000000000e+09
1.164510939000000000e+09
1.164515003000000000e+09
1.164531794000000000e+09
1.164560496000000000e+09
1.164561015000000000e+09
1.164568325000000000e+09
1.164598140000000000e+09
1.164628764000000000e+09
1.164628822000000000e+09
1.164630042000000000e+09
1.164636932000000000e+09
1.164641858000000000e+09
1.164646477000000000e+09
1.164659249000000000e+09
1.164661278000000000e+09
1.164669479000000000e+09
1.164696126000000000e+09
1.164726840000000000e+09
1.164745196000000000e+09
1.164745956000000000e+09
1.164780839000000000e+09
1.164781803000000000e+09
1.164841896000000000e+09
1.174500474000000000e+09
1.174504344000000000e+09
1.174506711000000000e+09
1.174510549000000000e+09
1.174516181000000000e+09
1.174525687000000000e+09
1.174529531000000000e+09
1.174531537000000000e+09
1.174537823000000000e+09
1.174540801000000000e+09
1.174543342000000000e+09
1.174545271000000000e+09
1.174550602000000000e+09
1.174556138000000000e+09
1.174556229000000000e+09
1.174561708000000000e+09
1.174571103000000000e+09
1.174576912000000000e+09
1.174589618000000000e+09
1.174596126000000000e+09
1.174603930000000000e+09
1.174625537000000000e+09
1.174629893000000000e+09
1.174692123000000000e+09
1.174693949000000000e+09
1.174694863000000000e+09
1.174697825000000000e+09
1.174704811000000000e+09
1.174706295000000000e+09
1.174732317000000000e+09
1.174745533000000000e+09
1.174750020000000000e+09
1.174776264000000000e+09
1.174782460000000000e+09
1.174818223000000000e+09
1.174839047000000000e+09
1.174843973000000000e+09
1.174953764000000000e+09
1.184616310000000000e+09
1.184617987000000000e+09
1.184623951000000000e+09
1.184644080000000000e+09
1.184654188000000000e+09
1.184656050000000000e+09
1.184658346000000000e+09
1.184659849000000000e+09
1.184672834000000000e+09
1.184727745000000000e+09
1.184732596000000000e+09
1.184753238000000000e+09
1.184785354000000000e+09
1.184786196000000000e+09
1.184803728000000000e+09
1.184821290000000000e+09
1.184827206000000000e+09
1.184836652000000000e+09
1.184884116000000000e+09
1.184891582000000000e+09
1.184892317000000000e+09
1.184922403000000000e+09
1.184944712000000000e+09
1.194025759000000000e+09
1.194027938000000000e+09
1.194044925000000000e+09
1.194052936000000000e+09
1.194057844000000000e+09
1.194702076000000000e+09
1.194704627000000000e+09
1.194734160000000000e+09
1.194745695000000000e+09
1.194756395000000000e+09
1.194758920000000000e+09
1.194774489000000000e+09
1.194783449000000000e+09
1.194789214000000000e+09
1.194789560000000000e+09
1.194796151000000000e+09
1.194805887000000000e+09
1.194807255000000000e+09
1.194808741000000000e+09
1.194815266000000000e+09
1.194821074000000000e+09
1.194825919000000000e+09
1.194862847000000000e+09
1.194869727000000000e+09
1.194887182000000000e+09
1.194891887000000000e+09
1.194893198000000000e+09
1.194896779000000000e+09
1.194897298000000000e+09
1.194900373000000000e+09
1.194909044000000000e+09
1.194916551000000000e+09
1.194919936000000000e+09
1.194926881000000000e+09
1.194984237000000000e+09
1.205000353000000000e+09
1.205006905000000000e+09
1.205008125000000000e+09
1.205023629000000000e+09
1.205072832000000000e+09
1.205078524000000000e+09
1.205108131000000000e+09
1.205134236000000000e+09
1.205139904000000000e+09
1.205153285000000000e+09
1.205155470000000000e+09
1.205157302000000000e+09
1.205168283000000000e+09
1.205172475000000000e+09
1.205181070000000000e+09
1.205806163000000000e+09
1.205807559000000000e+09
1.205813441000000000e+09
1.205814266000000000e+09
1.205816642000000000e+09
1.205818358000000000e+09
1.205820909000000000e+09
1.205824117000000000e+09
1.205829231000000000e+09
1.205832086000000000e+09
1.205840451000000000e+09
1.205854312000000000e+09
1.205865128000000000e+09
1.205874484000000000e+09
1.205877222000000000e+09
1.205885001000000000e+09
1.205890027000000000e+09
1.205895133000000000e+09
1.205913761000000000e+09
1.205922747000000000e+09
1.205935947000000000e+09
1.205948577000000000e+09
1.205954955000000000e+09
1.205955150000000000e+09
1.205959970000000000e+09
1.205963402000000000e+09
1.205963733000000000e+09
1.205972882000000000e+09
1.205992013000000000e+09
1.215020060000000000e+09
1.215034582000000000e+09
1.215035209000000000e+09
1.215045869000000000e+09
1.215050141000000000e+09
1.215053665000000000e+09
1.215062377000000000e+09
1.215081773000000000e+09
1.215096896000000000e+09
1.215099585000000000e+09
1.215132659000000000e+09
1.215134408000000000e+09
1.215145552000000000e+09
1.215151105000000000e+09
1.215158308000000000e+09
1.215158449000000000e+09
1.215158837000000000e+09
1.215180112000000000e+09
1.215187406000000000e+09
1.215189378000000000e+09
1.215222195000000000e+09
1.215222393000000000e+09
1.215224449000000000e+09
1.215250709000000000e+09
1.215917042000000000e+09
1.215936257000000000e+09
1.215946751000000000e+09
1.215951488000000000e+09
1.215963715000000000e+09
1.215968847000000000e+09
1.215973011000000000e+09
1.215974886000000000e+09
1.215979521000000000e+09
1.215980594000000000e+09
1.215999578000000000e+09
1.225008253000000000e+09
1.225010788000000000e+09
1.225011612000000000e+09
1.225022627000000000e+09
1.225027725000000000e+09
1.225029184000000000e+09
1.225046568000000000e+09
1.225046915000000000e+09
1.225047517000000000e+09
1.225061765000000000e+09
1.225066210000000000e+09
1.225067044000000000e+09
1.225068224000000000e+09
1.225082886000000000e+09
1.225111933000000000e+09
1.225123466000000000e+09
1.225126717000000000e+09
1.225129349000000000e+09
1.225131550000000000e+09
1.225144264000000000e+09
1.225145196000000000e+09
1.225148562000000000e+09
1.225151707000000000e+09
1.225168396000000000e+09
1.225180540000000000e+09
1.225188766000000000e+09
1.225190606000000000e+09
1.225219876000000000e+09
1.225224140000000000e+09
1.225241649000000000e+09
1.225271810000000000e+09
1.225275597000000000e+09
1.225291131000000000e+09
1.225302573000000000e+09
1.225331614000000000e+09
1.225361553000000000e+09
1.225369556000000000e+09
1.225489503000000000e+09
1.235133794000000000e+09
1.235135138000000000e+09
1.235138413000000000e+09
1.235145335000000000e+09
1.235146283000000000e+09
1.235152133000000000e+09
1.235158403000000000e+09
1.235162223000000000e+09
1.235182189000000000e+09
1.235186636000000000e+09
1.235200775000000000e+09
1.235207523000000000e+09
1.235211095000000000e+09
1.235215153000000000e+09
1.235232794000000000e+09
1.235235243000000000e+09
1.235282088000000000e+09
1.235308172000000000e+09
1.235315318000000000e+09
1.235339300000000000e+09
1.235343310000000000e+09
1.235360397000000000e+09
1.235386640000000000e+09
1.235390212000000000e+09
1.235459611000000000e+09
1.245201482000000000e+09
1.245212471000000000e+09
1.245214253000000000e+09
1.245217017000000000e+09
1.245227891000000000e+09
1.245228568000000000e+09
1.245231406000000000e+09
1.245246925000000000e+09
1.245253012000000000e+09
1.245264415000000000e+09
1.245266105000000000e+09
1.245271105000000000e+09
1.245279645000000000e+09
1.245282532000000000e+09
1.245285428000000000e+09
1.245294503000000000e+09
1.245317874000000000e+09
1.245321272000000000e+09
1.245337864000000000e+09
1.245350594000000000e+09
1.245375179000000000e+09
1.245377357000000000e+09
1.245377787000000000e+09
1.245390020000000000e+09
1.245404334000000000e+09
1.245416148000000000e+09
1.245425974000000000e+09
1.245503812000000000e+09
1.245556497000000000e+09
1.245559483000000000e+09
1.245566710000000000e+09
1.245596030000000000e+09
1.255306767000000000e+09
1.255307856000000000e+09
1.255308797000000000e+09
1.255312625000000000e+09
1.255314779000000000e+09
1.255336079000000000e+09
1.255339677000000000e+09
1.255342937000000000e+09
1.255345492000000000e+09
1.255375390000000000e+09
1.255376216000000000e+09
1.255378402000000000e+09
1.255378592000000000e+09
1.255397204000000000e+09
1.255407482000000000e+09
1.255419545000000000e+09
1.255421541000000000e+09
1.255433116000000000e+09
1.255438990000000000e+09
1.255445359000000000e+09
1.255458238000000000e+09
1.255459004000000000e+09
1.255461679000000000e+09
1.255463576000000000e+09
1.255468039000000000e+09
1.255478269000000000e+09
1.255479804000000000e+09
1.255480307000000000e+09
1.255536694000000000e+09
1.255548400000000000e+09
1.255579678000000000e+09
1.255591574000000000e+09
1.255592085000000000e+09
1.255601159000000000e+09
1.255690558000000000e+09
1.255745964000000000e+09
1.255867891000000000e+09
1.265404081000000000e+09
1.265434419000000000e+09
1.265446777000000000e+09
1.265460976000000000e+09
1.265461768000000000e+09
1.265461974000000000e+09
1.265468409000000000e+09
1.265469472000000000e+09
1.265478416000000000e+09
1.265508774000000000e+09
1.265511083000000000e+09
1.265518088000000000e+09
1.265529911000000000e+09
1.265531388000000000e+09
1.265551451000000000e+09
1.265561161000000000e+09
1.265570923000000000e+09
1.265588594000000000e+09
1.265597793000000000e+09
1.265610836000000000e+09
1.265633796000000000e+09
1.265636328000000000e+09
1.265643480000000000e+09
1.265660229000000000e+09
1.265677603000000000e+09
1.265759039000000000e+09
1.265784599000000000e+09
1.265784680000000000e+09
1.265834212000000000e+09
1.265867337000000000e+09
1.275502932000000000e+09
1.275515496000000000e+09
1.275534935000000000e+09
1.275556268000000000e+09
1.275559338000000000e+09
1.275574451000000000e+09
1.275587123000000000e+09
1.275588485000000000e+09
1.275588873000000000e+09
1.275590499000000000e+09
1.275590846000000000e+09
1.275600959000000000e+09
1.275638520000000000e+09
1.275649048000000000e+09
1.275657868000000000e+09
1.275680712000000000e+09
1.275686040000000000e+09
1.275695975000000000e+09
1.275721144000000000e+09
1.275733784000000000e+09
1.275737116000000000e+09
1.275737504000000000e+09
1.275740706000000000e+09
1.275765661000000000e+09
1.275785958000000000e+09
1.275788226000000000e+09
1.275802688000000000e+09
1.275834152000000000e+09
1.275840522000000000e+09
1.275856452000000000e+09
1.275897159000000000e+09
1.275937468000000000e+09
1.285009597000000000e+09
1.285014977000000000e+09
1.285041517000000000e+09
1.285066191000000000e+09
1.285608521000000000e+09
1.285613778000000000e+09
1.285614511000000000e+09
1.285624874000000000e+09
1.285644625000000000e+09
1.285658609000000000e+09
1.285669150000000000e+09
1.285672386000000000e+09
1.285673012000000000e+09
1.285675959000000000e+09
1.285676734000000000e+09
1.285702829000000000e+09
1.285712950000000000e+09
1.285742619000000000e+09
1.285756627000000000e+09
1.285757310000000000e+09
1.285763714000000000e+09
1.285782599000000000e+09
1.285784066000000000e+09
1.285791145000000000e+09
1.285809210000000000e+09
1.285811513000000000e+09
1.285825711000000000e+09
1.285853895000000000e+09
1.285889782000000000e+09
1.285958645000000000e+09
1.285966580000000000e+09
1.295029908000000000e+09
1.295056539000000000e+09
1.295056661000000000e+09
1.295058014000000000e+09
1.295061414000000000e+09
1.295062834000000000e+09
1.295067346000000000e+09
1.295165355000000000e+09
1.295705291000000000e+09
1.295722163000000000e+09
1.295744530000000000e+09
1.295767671000000000e+09
1.295768588000000000e+09
1.295770154000000000e+09
1.295773869000000000e+09
1.295774487000000000e+09
1.295776094000000000e+09
1.295788644000000000e+09
1.295809358000000000e+09
1.295817518000000000e+09
1.295824837000000000e+09
1.295828879000000000e+09
1.295836245000000000e+09
1.295862993000000000e+09
1.295883957000000000e+09
1.295922110000000000e+09
1.295940211000000000e+09
1.295971323000000000e+09
1.295975803000000000e+09
1.295982189000000000e+09
1.306005061000000000e+09
1.306048111000000000e+09
1.306062575000000000e+09
1.306067996000000000e+09
1.306069034000000000e+09
1.306070693000000000e+09
1.306121637000000000e+09
1.306140629000000000e+09
1.306157698000000000e+09
1.306184809000000000e+09
1.306185590000000000e+09
1.306240171000000000e+09
1.306279328000000000e+09
1.306807797000000000e+09
1.306819685000000000e+09
1.306826318000000000e+09
1.306830021000000000e+09
1.306831300000000000e+09
1.306834213000000000e+09
1.306838123000000000e+09
1.306853221000000000e+09
1.306860010000000000e+09
1.306867742000000000e+09
1.306868245000000000e+09
1.306871025000000000e+09
1.306873955000000000e+09
1.306875604000000000e+09
1.306881107000000000e+09
1.306883558000000000e+09
1.306889894000000000e+09
1.306894118000000000e+09
1.306895271000000000e+09
1.306895578000000000e+09
1.306910476000000000e+09
1.306915368000000000e+09
1.306919162000000000e+09
1.306926712000000000e+09
1.306930672000000000e+09
1.306933908000000000e+09
1.306939061000000000e+09
1.306963863000000000e+09
1.306972716000000000e+09
1.316004963000000000e+09
1.316005036000000000e+09
1.316008766000000000e+09
1.316023799000000000e+09
1.316055577000000000e+09
1.316066970000000000e+09
1.316070030000000000e+09
1.316073455000000000e+09
1.316074321000000000e+09
1.316075161000000000e+09
1.316075260000000000e+09
1.316076821000000000e+09
1.316077019000000000e+09
1.316079924000000000e+09
1.316081276000000000e+09
1.316117641000000000e+09
1.316149396000000000e+09
1.316151525000000000e+09
1.316183833000000000e+09
1.316203698000000000e+09
1.316256993000000000e+09
1.316355548000000000e+09
1.316906456000000000e+09
1.316926306000000000e+09
1.316935406000000000e+09
1.316939945000000000e+09
1.316947807000000000e+09
1.316962806000000000e+09
1.316977408000000000e+09
1.316979453000000000e+09
1.316984750000000000e+09
1.316993520000000000e+09
1.316993553000000000e+09
1.316994064000000000e+09
1.316996762000000000e+09
1.316999717000000000e+09
1.326002445000000000e+09
1.326024688000000000e+09
1.326029430000000000e+09
1.326044835000000000e+09
1.326065913000000000e+09
1.326071499000000000e+09
1.326093709000000000e+09
1.326105032000000000e+09
1.326108788000000000e+09
1.326151507000000000e+09
1.326159914000000000e+09
1.326183930000000000e+09
1.326185521000000000e+09
1.326227778000000000e+09
1.326329392000000000e+09
1.326331992000000000e+09
1.326360462000000000e+09
1.326380916000000000e+09
1.326387416000000000e+09
1.326395625000000000e+09
1.326488990000000000e+09
1.326489303000000000e+09
1.336104918000000000e+09
1.336106848000000000e+09
1.336107184000000000e+09
1.336112523000000000e+09
1.336132786000000000e+09
1.336169705000000000e+09
1.336170877000000000e+09
1.336187814000000000e+09
1.336203603000000000e+09
1.336209709000000000e+09
1.336210475000000000e+09
1.336220425000000000e+09
1.336223668000000000e+09
1.336233097000000000e+09
1.336246487000000000e+09
1.336247121000000000e+09
1.336248723000000000e+09
1.336275031000000000e+09
1.336311000000000000e+09
1.336352046000000000e+09
1.336357599000000000e+09
1.336363761000000000e+09
1.336383397000000000e+09
1.336469360000000000e+09
1.336481324000000000e+09
1.336481365000000000e+09
1.336484898000000000e+09
1.336523497000000000e+09
1.346202140000000000e+09
1.346220985000000000e+09
1.346224821000000000e+09
1.346224987000000000e+09
1.346237096000000000e+09
1.346239084000000000e+09
1.346241247000000000e+09
1.346251105000000000e+09
1.346274966000000000e+09
1.346278090000000000e+09
1.346315751000000000e+09
1.346319225000000000e+09
1.346324316000000000e+09
1.346338183000000000e+09
1.346345071000000000e+09
1.346352085000000000e+09
1.346352531000000000e+09
1.346382934000000000e+09
1.346385424000000000e+09
1.346396991000000000e+09
1.346403540000000000e+09
1.346414042000000000e+09
1.346438140000000000e+09
1.346456555000000000e+09
1.346468493000000000e+09
1.346480803000000000e+09
1.346481728000000000e+09
1.346484284000000000e+09
1.346500808000000000e+09
1.346524873000000000e+09
1.346540085000000000e+09
1.346582384000000000e+09
1.346588406000000000e+09
1.356302475000000000e+09
1.356315436000000000e+09
1.356323059000000000e+09
1.356324909000000000e+09
1.356329528000000000e+09
1.356331144000000000e+09
1.356333645000000000e+09
1.356338297000000000e+09
1.356339055000000000e+09
1.356342026000000000e+09
1.356350086000000000e+09
1.356351449000000000e+09
1.356353429000000000e+09
1.356354252000000000e+09
1.356369565000000000e+09
1.356372130000000000e+09
1.356382063000000000e+09
1.356389175000000000e+09
1.356395701000000000e+09
1.356406177000000000e+09
1.356411755000000000e+09
1.356419279000000000e+09
1.356423784000000000e+09
1.356427298000000000e+09
1.356430557000000000e+09
1.356432546000000000e+09
1.356450274000000000e+09
1.356451223000000000e+09
1.356451918000000000e+09
1.356454292000000000e+09
1.356460885000000000e+09
1.356478812000000000e+09
1.356478895000000000e+09
1.356496715000000000e+09
1.356538169000000000e+09
1.356544084000000000e+09
1.356550701000000000e+09
1.356551840000000000e+09
1.356565295000000000e+09
1.356587182000000000e+09
1.356608749000000000e+09
1.356616205000000000e+09
1.356618201000000000e+09
1.356654784000000000e+09
1.356660781000000000e+09
1.356667398000000000e+09
1.356673487000000000e+09
1.356691539000000000e+09
1.366421257000000000e+09
1.366425233000000000e+09
1.366442188000000000e+09
1.366450280000000000e+09
1.366450660000000000e+09
1.366470684000000000e+09
1.366472268000000000e+09
1.366474512000000000e+09
1.366482358000000000e+09
1.366509903000000000e+09
1.366514432000000000e+09
1.366518458000000000e+09
1.366531337000000000e+09
1.366533390000000000e+09
1.366534000000000000e+09
1.366561425000000000e+09
1.366564080000000000e+09
1.366590366000000000e+09
1.366591554000000000e+09
1.366606733000000000e+09
1.366620833000000000e+09
1.366623738000000000e+09
1.366649386000000000e+09
1.366692634000000000e+09
1.366693699000000000e+09
1.366702623000000000e+09
1.366717514000000000e+09
1.366754228000000000e+09
1.366755308000000000e+09
1.366755654000000000e+09
1.366770364000000000e+09
1.366773244000000000e+09
1.366857195000000000e+09
1.376087700000000000e+09
1.376500405000000000e+09
1.376518779000000000e+09
1.376522961000000000e+09
1.376524785000000000e+09
1.376528182000000000e+09
1.376530980000000000e+09
1.376537977000000000e+09
1.376546283000000000e+09
1.376548552000000000e+09
1.376550442000000000e+09
1.376552117000000000e+09
1.376569525000000000e+09
1.376576066000000000e+09
1.376580159000000000e+09
1.376596726000000000e+09
1.376598730000000000e+09
1.376603167000000000e+09
1.376620856000000000e+09
1.376629717000000000e+09
1.376655845000000000e+09
1.376662031000000000e+09
1.376668079000000000e+09
1.376679662000000000e+09
1.376680348000000000e+09
1.376696757000000000e+09
1.376697995000000000e+09
1.376698936000000000e+09
1.376707109000000000e+09
1.376723015000000000e+09
1.376724229000000000e+09
1.376727644000000000e+09
1.376737809000000000e+09
1.376755462000000000e+09
1.376773747000000000e+09
1.376807677000000000e+09
1.376810945000000000e+09
1.376819532000000000e+09
1.376847269000000000e+09
1.376851394000000000e+09
1.376969717000000000e+09
1.376974824000000000e+09
1.386037901000000000e+09
1.386049237000000000e+09
1.386081479000000000e+09
1.386199503000000000e+09
1.386604643000000000e+09
1.386609907000000000e+09
1.386626331000000000e+09
1.386631794000000000e+09
1.386641298000000000e+09
1.386649507000000000e+09
1.386695591000000000e+09
1.386696300000000000e+09
1.386703205000000000e+09
1.386711174000000000e+09
1.386716926000000000e+09
1.386736031000000000e+09
1.386736924000000000e+09
1.386737153000000000e+09
1.386747657000000000e+09
1.386758134000000000e+09
1.386773331000000000e+09
1.386778173000000000e+09
1.386788503000000000e+09
1.386795250000000000e+09
1.386795292000000000e+09
1.386813988000000000e+09
1.386820793000000000e+09
1.386823490000000000e+09
1.386873636000000000e+09
1.386923407000000000e+09
1.386957710000000000e+09
1.386966513000000000e+09
1.396010195000000000e+09
1.396044384000000000e+09
1.396051165000000000e+09
1.396070603000000000e+09
1.396075412000000000e+09
1.396125498000000000e+09
1.396714655000000000e+09
1.396721205000000000e+09
1.396736260000000000e+09
1.396739736000000000e+09
1.396744892000000000e+09
1.396772414000000000e+09
1.396777009000000000e+09
1.396786695000000000e+09
1.396825147000000000e+09
1.396833380000000000e+09
1.396839064000000000e+09
1.396846622000000000e+09
1.396850327000000000e+09
1.396874517000000000e+09
1.396878922000000000e+09
1.396901849000000000e+09
1.396903605000000000e+09
1.396906160000000000e+09
1.396922134000000000e+09
1.396931960000000000e+09
1.396941571000000000e+09
1.396968434000000000e+09
1.396976841000000000e+09
1.407008022000000000e+09
1.407055668000000000e+09
1.407062094000000000e+09
1.407092638000000000e+09
1.407096555000000000e+09
1.407141211000000000e+09
1.407144017000000000e+09
1.407155203000000000e+09
1.407183197000000000e+09
1.407803091000000000e+09
1.407813488000000000e+09
1.407814726000000000e+09
1.407824121000000000e+09
1.407835473000000000e+09
1.407837487000000000e+09
1.407839012000000000e+09
1.407863715000000000e+09
1.407864879000000000e+09
1.407867666000000000e+09
1.407889009000000000e+09
1.407921919000000000e+09
1.407923568000000000e+09
1.407925076000000000e+09
1.407928583000000000e+09
1.407929698000000000e+09
1.407932890000000000e+09
1.407935919000000000e+09
1.407945744000000000e+09
1.407985849000000000e+09
1.407990039000000000e+09
1.417008756000000000e+09
1.417017955000000000e+09
1.417033721000000000e+09
1.417036716000000000e+09
1.417060120000000000e+09
1.417065186000000000e+09
1.417079666000000000e+09
1.417081415000000000e+09
1.417095787000000000e+09
1.417096942000000000e+09
1.417102666000000000e+09
1.417105081000000000e+09
1.417116427000000000e+09
1.417139692000000000e+09
1.417143629000000000e+09
1.417151945000000000e+09
1.417211020000000000e+09
1.417242900000000000e+09
1.417252784000000000e+09
1.417273251000000000e+09
1.417276874000000000e+09
1.417904491000000000e+09
1.417917816000000000e+09
1.417931213000000000e+09
1.417938663000000000e+09
1.417956715000000000e+09
1.417959503000000000e+09
1.417964875000000000e+09
1.417967647000000000e+09
1.417970195000000000e+09
1.417989476000000000e+09
1.427000819000000000e+09
1.427004233000000000e+09
1.427029479000000000e+09
1.427029925000000000e+09
1.427034271000000000e+09
1.427053388000000000e+09
1.427057702000000000e+09
1.427060375000000000e+09
1.427071059000000000e+09
1.427071737000000000e+09
1.427079458000000000e+09
1.427081223000000000e+09
1.427086891000000000e+09
1.427090166000000000e+09
1.427090562000000000e+09
1.427095363000000000e+09
1.427097534000000000e+09
1.427098268000000000e+09
1.427103357000000000e+09
1.427108380000000000e+09
1.427112325000000000e+09
1.427118405000000000e+09
1.427146984000000000e+09
1.427158286000000000e+09
1.427158377000000000e+09
1.427158484000000000e+09
1.427163427000000000e+09
1.427170562000000000e+09
1.427194133000000000e+09
1.427202050000000000e+09
1.427220573000000000e+09
1.427222058000000000e+09
1.427247881000000000e+09
1.427248327000000000e+09
1.427260033000000000e+09
1.427271485000000000e+09
1.427273176000000000e+09
1.427275718000000000e+09
1.427285246000000000e+09
1.427298785000000000e+09
1.427317734000000000e+09
1.427361609000000000e+09
1.427376672000000000e+09
1.427499904000000000e+09
1.437100120000000000e+09
1.437121837000000000e+09
1.437132362000000000e+09
1.437149952000000000e+09
1.437161304000000000e+09
1.437170602000000000e+09
1.437177342000000000e+09
1.437196375000000000e+09
1.437209988000000000e+09
1.437217601000000000e+09
1.437223898000000000e+09
1.437226511000000000e+09
1.437257086000000000e+09
1.437257854000000000e+09
1.437260783000000000e+09
1.437276128000000000e+09
1.437282555000000000e+09
1.437295896000000000e+09
1.437314291000000000e+09
1.437318805000000000e+09
1.437320579000000000e+09
1.437333259000000000e+09
1.437339900000000000e+09
1.437359072000000000e+09
1.437371218000000000e+09
1.437378502000000000e+09
1.437443215000000000e+09
1.437450822000000000e+09
1.437467461000000000e+09
1.437479011000000000e+09
1.437549722000000000e+09
1.437569977000000000e+09
1.437582715000000000e+09
1.447200027000000000e+09
1.447202205000000000e+09
1.447205588000000000e+09
1.447210547000000000e+09
1.447243373000000000e+09
1.447249891000000000e+09
1.447258157000000000e+09
1.447280243000000000e+09
1.447291380000000000e+09
1.447309257000000000e+09
1.447315759000000000e+09
1.447320999000000000e+09
1.447337639000000000e+09
1.447337936000000000e+09
1.447359443000000000e+09
1.447371356000000000e+09
1.447390539000000000e+09
1.447428917000000000e+09
1.447463047000000000e+09
1.447476874000000000e+09
1.447519004000000000e+09
1.447527502000000000e+09
1.447550736000000000e+09
1.447554506000000000e+09
1.447560867000000000e+09
1.457303380000000000e+09
1.457332983000000000e+09
1.457333429000000000e+09
1.457336190000000000e+09
1.457336935000000000e+09
1.457340721000000000e+09
1.457342388000000000e+09
1.457343014000000000e+09
1.457356768000000000e+09
1.457380040000000000e+09
1.457393902000000000e+09
1.457427874000000000e+09
1.457443632000000000e+09
1.457483513000000000e+09
1.457485906000000000e+09
1.457499865000000000e+09
1.457534984000000000e+09
1.457543266000000000e+09
1.457551129000000000e+09
1.457576282000000000e+09
1.457594509000000000e+09
1.457599714000000000e+09
1.457634230000000000e+09
1.457645343000000000e+09
1.457670036000000000e+09
1.457696908000000000e+09
1.457768756000000000e+09
1.467400028000000000e+09
1.467435289000000000e+09
1.467435487000000000e+09
1.467442871000000000e+09
1.467480236000000000e+09
1.467493791000000000e+09
1.467509406000000000e+09
1.467519124000000000e+09
1.467526855000000000e+09
1.467530188000000000e+09
1.467546556000000000e+09
1.467597088000000000e+09
1.467598722000000000e+09
1.467621037000000000e+09
1.467644948000000000e+09
1.467663864000000000e+09
1.467666974000000000e+09
1.467667709000000000e+09
1.467678755000000000e+09
1.467696179000000000e+09
1.467698340000000000e+09
1.467860403000000000e+09
1.477507739000000000e+09
1.477524270000000000e+09
1.477536712000000000e+09
1.477537496000000000e+09
1.477546463000000000e+09
1.477554616000000000e+09
1.477559037000000000e+09
1.477571818000000000e+09
1.477576908000000000e+09
1.477594935000000000e+09
1.477606614000000000e+09
1.477620706000000000e+09
1.477645836000000000e+09
1.477654200000000000e+09
1.477656361000000000e+09
1.477673218000000000e+09
1.477683852000000000e+09
1.477686582000000000e+09
1.477687838000000000e+09
1.477691145000000000e+09
1.477696458000000000e+09
1.477699692000000000e+09
1.477704351000000000e+09
1.477724821000000000e+09
1.477738805000000000e+09
1.477746725000000000e+09
1.477766822000000000e+09
1.477803260000000000e+09
1.477811628000000000e+09
1.477813137000000000e+09
1.477859403000000000e+09
1.477874998000000000e+09
1.477885879000000000e+09
1.487605515000000000e+09
1.487634069000000000e+09
1.487662631000000000e+09
1.487669180000000000e+09
1.487673158000000000e+09
1.487677852000000000e+09
1.487682399000000000e+09
1.487713228000000000e+09
1.487723524000000000e+09
1.487725909000000000e+09
1.487737243000000000e+09
1.487760617000000000e+09
1.487765467000000000e+09
1.487772760000000000e+09
1.487776795000000000e+09
1.487782504000000000e+09
1.487813887000000000e+09
1.487843231000000000e+09
1.487845343000000000e+09
1.487870176000000000e+09
1.487873519000000000e+09
1.487874608000000000e+09
1.487889036000000000e+09
1.487898615000000000e+09
1.487932174000000000e+09
1.487953915000000000e+09
1.487976213000000000e+09
1.487994836000000000e+09
1.487998803000000000e+09
1.497065288000000000e+09
1.497077796000000000e+09
1.497702377000000000e+09
1.497712418000000000e+09
1.497722391000000000e+09
1.497732994000000000e+09
1.497737266000000000e+09
1.497743090000000000e+09
1.497745905000000000e+09
1.497749089000000000e+09
1.497753149000000000e+09
1.497757280000000000e+09
1.497778153000000000e+09
1.497779649000000000e+09
1.497797526000000000e+09
1.497798706000000000e+09
1.497807705000000000e+09
1.497812010000000000e+09
1.497820047000000000e+09
1.497843460000000000e+09
1.497845622000000000e+09
1.497851000000000000e+09
1.497864151000000000e+09
1.497878656000000000e+09
1.497908834000000000e+09
1.497927636000000000e+09
1.497934046000000000e+09
1.497934566000000000e+09
1.497936538000000000e+09
1.497942080000000000e+09
1.497974059000000000e+09
1.497990188000000000e+09
1.508005646000000000e+09
1.508045071000000000e+09
1.508055112000000000e+09
1.508058330000000000e+09
1.508069287000000000e+09
1.508069410000000000e+09
1.508074659000000000e+09
1.508125600000000000e+09
1.508150095000000000e+09
1.508160839000000000e+09
1.508174830000000000e+09
1.508193392000000000e+09
1.508200676000000000e+09
1.508814344000000000e+09
1.508817255000000000e+09
1.508827395000000000e+09
1.508837097000000000e+09
1.508841420000000000e+09
1.508863531000000000e+09
1.508871344000000000e+09
1.508904798000000000e+09
1.508907122000000000e+09
1.508920828000000000e+09
1.508926874000000000e+09
1.508926940000000000e+09
1.508950742000000000e+09
1.508952029000000000e+09
1.508952102000000000e+09
1.508974759000000000e+09
1.508976564000000000e+09
1.518011451000000000e+09
1.518016252000000000e+09
1.518028281000000000e+09
1.518031095000000000e+09
1.518038348000000000e+09
1.518039783000000000e+09
1.518046226000000000e+09
1.518074681000000000e+09
1.518093202000000000e+09
1.518095348000000000e+09
1.518138213000000000e+09
1.518156611000000000e+09
1.518172212000000000e+09
1.518181270000000000e+09
1.518191774000000000e+09
1.518202886000000000e+09
1.518212414000000000e+09
1.518257724000000000e+09
1.518284413000000000e+09
1.518387760000000000e+09
1.518908193000000000e+09
1.518909746000000000e+09
1.518909795000000000e+09
1.518909977000000000e+09
1.518912682000000000e+09
1.518927615000000000e+09
1.518937499000000000e+09
1.518952951000000000e+09
1.518959766000000000e+09
1.518961457000000000e+09
1.518992270000000000e+09
1.528007515000000000e+09
1.528008547000000000e+09
1.528034378000000000e+09
1.528044179000000000e+09
1.528051307000000000e+09
1.528052735000000000e+09
1.528060506000000000e+09
1.528078979000000000e+09
1.528082740000000000e+09
1.528086618000000000e+09
1.528087970000000000e+09
1.528088325000000000e+09
1.528111341000000000e+09
1.528123502000000000e+09
1.528137882000000000e+09
1.528152840000000000e+09
1.528153061000000000e+09
1.528158599000000000e+09
1.528160835000000000e+09
1.528171774000000000e+09
1.528178977000000000e+09
1.528192507000000000e+09
1.528196300000000000e+09
1.528206067000000000e+09
1.528255528000000000e+09
1.528284502000000000e+09
1.528343225000000000e+09
1.528346608000000000e+09
1.528355195000000000e+09
1.528361854000000000e+09
1.528377181000000000e+09
1.528390259000000000e+09
1.538100599000000000e+09
1.538119797000000000e+09
1.538143136000000000e+09
1.538156138000000000e+09
1.538187513000000000e+09
1.538200308000000000e+09
1.538210117000000000e+09
1.538240031000000000e+09
1.538253208000000000e+09
1.538265947000000000e+09
1.538312541000000000e+09
1.538321922000000000e+09
1.538322102000000000e+09
1.538352166000000000e+09
1.538395876000000000e+09
1.538468434000000000e+09
1.538473038000000000e+09
1.538476445000000000e+09
1.548216781000000000e+09
1.548246291000000000e+09
1.548250129000000000e+09
1.548251788000000000e+09
1.548274335000000000e+09
1.548278930000000000e+09
1.548286685000000000e+09
1.548300353000000000e+09
1.548301716000000000e+09
1.548310899000000000e+09
1.548324676000000000e+09
1.548328800000000000e+09
1.548339344000000000e+09
1.548342025000000000e+09
1.548360308000000000e+09
1.548365737000000000e+09
1.548386659000000000e+09
1.548388820000000000e+09
1.548390214000000000e+09
1.548391618000000000e+09
1.548401292000000000e+09
1.548420466000000000e+09
1.548441058000000000e+09
1.548462674000000000e+09
1.548486947000000000e+09
1.548488166000000000e+09
1.548492291000000000e+09
1.548492820000000000e+09
1.548495476000000000e+09
1.548496144000000000e+09
1.548520786000000000e+09
1.548531064000000000e+09
1.548534621000000000e+09
1.548547870000000000e+09
1.548562366000000000e+09
1.548564362000000000e+09
1.548582331000000000e+09
1.558300897000000000e+09
1.558312884000000000e+09
1.558315341000000000e+09
1.558315986000000000e+09
1.558320168000000000e+09
1.558330563000000000e+09
1.558342378000000000e+09
1.558343103000000000e+09
1.558356907000000000e+09
1.558364166000000000e+09
1.558366815000000000e+09
1.558379172000000000e+09
1.558398115000000000e+09
1.558405647000000000e+09
1.558416099000000000e+09
1.558428821000000000e+09
1.558434985000000000e+09
1.558445999000000000e+09
1.558448951000000000e+09
1.558462838000000000e+09
1.558466359000000000e+09
1.558478529000000000e+09
1.558488049000000000e+09
1.558493569000000000e+09
1.558549378000000000e+09
1.558561936000000000e+09
1.558601773000000000e+09
1.558605436000000000e+09
1.558616680000000000e+09
1.558619361000000000e+09
1.558641944000000000e+09
1.558657288000000000e+09
1.558661611000000000e+09
1.558760405000000000e+09
1.558775338000000000e+09
1.568405132000000000e+09
1.568410496000000000e+09
1.568428449000000000e+09
1.568436244000000000e+09
1.568448421000000000e+09
1.568456382000000000e+09
1.568458198000000000e+09
1.568474567000000000e+09
1.568476968000000000e+09
1.568478220000000000e+09
1.568489490000000000e+09
1.568491686000000000e+09
1.568494169000000000e+09
1.568508968000000000e+09
1.568511236000000000e+09
1.568514909000000000e+09
1.568519536000000000e+09
1.568523397000000000e+09
1.568528457000000000e+09
1.568537355000000000e+09
1.568546497000000000e+09
1.568553568000000000e+09
1.568561090000000000e+09
1.568569010000000000e+09
1.568577971000000000e+09
1.568578268000000000e+09
1.568592251000000000e+09
1.568596088000000000e+09
1.568598456000000000e+09
1.568640316000000000e+09
1.568668705000000000e+09
1.568669950000000000e+09
1.568677524000000000e+09
1.568694982000000000e+09
1.568716058000000000e+09
1.568737294000000000e+09
1.568761013000000000e+09
1.568899342000000000e+09
1.578014254000000000e+09
1.578503355000000000e+09
1.578510723000000000e+09
1.578512935000000000e+09
1.578524237000000000e+09
1.578525416000000000e+09
1.578528832000000000e+09
1.578549051000000000e+09
1.578551370000000000e+09
1.578558789000000000e+09
1.578599346000000000e+09
1.578605614000000000e+09
1.578605812000000000e+09
1.578607891000000000e+09
1.578608121000000000e+09
1.578609566000000000e+09
1.578615316000000000e+09
1.578616009000000000e+09
1.578616447000000000e+09
1.578623203000000000e+09
1.578637260000000000e+09
1.578644407000000000e+09
1.578647038000000000e+09
1.578666350000000000e+09
1.578669859000000000e+09
1.578670105000000000e+09
1.578697421000000000e+09
1.578715603000000000e+09
1.578716221000000000e+09
1.578720736000000000e+09
1.578753125000000000e+09
1.578754362000000000e+09
1.578776894000000000e+09
1.578779336000000000e+09
1.578785531000000000e+09
1.578796678000000000e+09
1.578817128000000000e+09
1.578826434000000000e+09
1.578871448000000000e+09
1.588005706000000000e+09
1.588074314000000000e+09
1.588603021000000000e+09
1.588614606000000000e+09
1.588616726000000000e+09
1.588628770000000000e+09
1.588641203000000000e+09
1.588659965000000000e+09
1.588671408000000000e+09
1.588675896000000000e+09
1.588685895000000000e+09
1.588687214000000000e+09
1.588691554000000000e+09
1.588692362000000000e+09
1.588694343000000000e+09
1.588697700000000000e+09
1.588721740000000000e+09
1.588734081000000000e+09
1.588767867000000000e+09
1.588775118000000000e+09
1.588783351000000000e+09
1.588788517000000000e+09
1.588798284000000000e+09
1.588814107000000000e+09
1.588816433000000000e+09
1.588836829000000000e+09
1.588848097000000000e+09
1.588870117000000000e+09
1.588878391000000000e+09
1.588895635000000000e+09
1.588955793000000000e+09
1.588979686000000000e+09
1.598009961000000000e+09
1.598012536000000000e+09
1.598038341000000000e+09
1.598060014000000000e+09
1.598084113000000000e+09
1.598110710000000000e+09
1.598713430000000000e+09
1.598713869000000000e+09
1.598718520000000000e+09
1.598767584000000000e+09
1.598771586000000000e+09
1.598781494000000000e+09
1.598881146000000000e+09
1.598894032000000000e+09
1.598896086000000000e+09
1.598902462000000000e+09
1.598913592000000000e+09
1.598916447000000000e+09
1.598919466000000000e+09
1.598938995000000000e+09
1.598941346000000000e+09
1.598942559000000000e+09
1.598959389000000000e+09
1.598968059000000000e+09
1.598975666000000000e+09
1.598985228000000000e+09
1.598985517000000000e+09
1.598994600000000000e+09
1.609001254000000000e+09
1.609015015000000000e+09
1.609019140000000000e+09
1.609033042000000000e+09
1.609041607000000000e+09
1.609071836000000000e+09
1.609093814000000000e+09
1.609107705000000000e+09
1.609122969000000000e+09
1.609124288000000000e+09
1.609216704000000000e+09
1.609808005000000000e+09
1.609815307000000000e+09
1.609817774000000000e+09
1.609829985000000000e+09
1.609853316000000000e+09
1.609857200000000000e+09
1.609860097000000000e+09
1.609861590000000000e+09
1.609909274000000000e+09
1.609909423000000000e+09
1.609921972000000000e+09
1.609927318000000000e+09
1.609945294000000000e+09
1.609953611000000000e+09
1.609979699000000000e+09
1.609979749000000000e+09
1.609992890000000000e+09
1.609993351000000000e+09
1.609995307000000000e+09
1.619000247000000000e+09
1.619017449000000000e+09
1.619017985000000000e+09
1.619028404000000000e+09
1.619034857000000000e+09
1.619056124000000000e+09
1.619074788000000000e+09
1.619085685000000000e+09
1.619114998000000000e+09
1.619117538000000000e+09
1.619123866000000000e+09
1.619125135000000000e+09
1.619162492000000000e+09
1.619162898000000000e+09
1.619168036000000000e+09
1.619169406000000000e+09
1.619170156000000000e+09
1.619174059000000000e+09
1.619197571000000000e+09
1.619211257000000000e+09
1.619218328000000000e+09
1.619269214000000000e+09
1.619316700000000000e+09
1.619915790000000000e+09
1.619925872000000000e+09
1.619930260000000000e+09
1.619941614000000000e+09
1.619952561000000000e+09
1.619973971000000000e+09
1.619995420000000000e+09
1.619995552000000000e+09
1.619996220000000000e+09
1.629025937000000000e+09
1.629085105000000000e+09
1.629106257000000000e+09
1.629115217000000000e+09
1.629125307000000000e+09
1.629136320000000000e+09
1.629140447000000000e+09
1.629150495000000000e+09
1.629153507000000000e+09
1.629158514000000000e+09
1.629169958000000000e+09
1.629169974000000000e+09
1.629181052000000000e+09
1.629197009000000000e+09
1.629204573000000000e+09
1.629217872000000000e+09
1.629264411000000000e+09
1.629281746000000000e+09
1.629296264000000000e+09
1.629298096000000000e+09
1.629298831000000000e+09
1.629300132000000000e+09
1.629305255000000000e+09
1.629312772000000000e+09
1.629321625000000000e+09
1.629339254000000000e+09
1.629339940000000000e+09
1.629346804000000000e+09
1.629379391000000000e+09
1.639119019000000000e+09
1.639122930000000000e+09
1.639124639000000000e+09
1.639149008000000000e+09
1.639164031000000000e+09
1.639169972000000000e+09
1.639173339000000000e+09
1.639181753000000000e+09
1.639183676000000000e+09
1.639196108000000000e+09
1.639202351000000000e+09
1.639211923000000000e+09
1.639215577000000000e+09
1.639227895000000000e+09
1.639228158000000000e+09
1.639231855000000000e+09
1.639246754000000000e+09
1.639254337000000000e+09
1.639268782000000000e+09
1.639275969000000000e+09
1.639281553000000000e+09
1.639284060000000000e+09
1.639285281000000000e+09
1.639293525000000000e+09
1.639299738000000000e+09
1.639310097000000000e+09
1.639318124000000000e+09
1.639322498000000000e+09
1.639338643000000000e+09
1.639352545000000000e+09
1.639357577000000000e+09
1.639363161000000000e+09
1.639367725000000000e+09
1.639367972000000000e+09
1.639370356000000000e+09
1.639377831000000000e+09
1.639380470000000000e+09
1.639398258000000000e+09
1.639450927000000000e+09
1.639481252000000000e+09
1.639493091000000000e+09
1.639494958000000000e+09
1.639518491000000000e+09
1.639559560000000000e+09
1.649203704000000000e+09
1.649207853000000000e+09
1.649217548000000000e+09
1.649239583000000000e+09
1.649240979000000000e+09
1.649267998000000000e+09
1.649273343000000000e+09
1.649287434000000000e+09
1.649289794000000000e+09
1.649304700000000000e+09
1.649317298000000000e+09
1.649334764000000000e+09
1.649353780000000000e+09
1.649372236000000000e+09
1.649381997000000000e+09
1.649389446000000000e+09
1.649393869000000000e+09
1.649401548000000000e+09
1.649415118000000000e+09
1.649415357000000000e+09
1.649439100000000000e+09
1.649442203000000000e+09
1.649446014000000000e+09
1.649453127000000000e+09
1.649455684000000000e+09
1.649457573000000000e+09
1.649463977000000000e+09
1.649472788000000000e+09
1.649491259000000000e+09
1.649506643000000000e+09
1.649524182000000000e+09
1.649526765000000000e+09
1.649560137000000000e+09
1.649580523000000000e+09
1.649590027000000000e+09
1.649590753000000000e+09
1.649633603000000000e+09
1.649681883000000000e+09
1.659318137000000000e+09
1.659324747000000000e+09
1.659334407000000000e+09
1.659339679000000000e+09
1.659340842000000000e+09
1.659341543000000000e+09
1.659355840000000000e+09
1.659390557000000000e+09
1.659399129000000000e+09
1.659399897000000000e+09
1.659411494000000000e+09
1.659413391000000000e+09
1.659422327000000000e+09
1.659422491000000000e+09
1.659430098000000000e+09
1.659445690000000000e+09
1.659473742000000000e+09
1.659495216000000000e+09
1.659510972000000000e+09
1.659525467000000000e+09
1.659548071000000000e+09
1.659555621000000000e+09
1.659581791000000000e+09
1.659582195000000000e+09
1.659592293000000000e+09
1.659609246000000000e+09
1.659640449000000000e+09
1.659665792000000000e+09
1.659682482000000000e+09
1.659699049000000000e+09
1.659703734000000000e+09
1.659704955000000000e+09
1.669403457000000000e+09
1.669412946000000000e+09
1.669413142000000000e+09
1.669414397000000000e+09
1.669421152000000000e+09
1.669422028000000000e+09
1.669454146000000000e+09
1.669466249000000000e+09
1.669468047000000000e+09
1.669474474000000000e+09
1.669478871000000000e+09
1.669482105000000000e+09
1.669513701000000000e+09
1.669518510000000000e+09
1.669522983000000000e+09
1.669538492000000000e+09
1.669551610000000000e+09
1.669572368000000000e+09
1.669587515000000000e+09
1.669619771000000000e+09
1.669639944000000000e+09
1.669640777000000000e+09
1.669659421000000000e+09
1.669663100000000000e+09
1.669678652000000000e+09
1.669682928000000000e+09
1.669690988000000000e+09
1.669702460000000000e+09
1.669702866000000000e+09
1.669702999000000000e+09
1.669709895000000000e+09
1.669748463000000000e+09
1.669757530000000000e+09
1.679542914000000000e+09
1.679546972000000000e+09
1.679549513000000000e+09
1.679565204000000000e+09
1.679572473000000000e+09
1.679603740000000000e+09
1.679603864000000000e+09
1.679606560000000000e+09
1.679608103000000000e+09
1.679615553000000000e+09
1.679631238000000000e+09
1.679638720000000000e+09
1.679639397000000000e+09
1.679644140000000000e+09
1.679648836000000000e+09
1.679663009000000000e+09
1.679669345000000000e+09
1.679679096000000000e+09
1.679723589000000000e+09
1.679793772000000000e+09
1.679795108000000000e+09
1.679795181000000000e+09
1.679849830000000000e+09
1.679853659000000000e+09
1.679876783000000000e+09
1.679910749000000000e+09
1.689605818000000000e+09
1.689610016000000000e+09
1.689613861000000000e+09
1.689617482000000000e+09
1.689619736000000000e+09
1.689641458000000000e+09
1.689645608000000000e+09
1.689649212000000000e+09
1.689650434000000000e+09
1.689653412000000000e+09
1.689653925000000000e+09
1.689683831000000000e+09
1.689693541000000000e+09
1.689709966000000000e+09
1.689721128000000000e+09
1.689726465000000000e+09
1.689728958000000000e+09
1.689742397000000000e+09
1.689756827000000000e+09
1.689766693000000000e+09
1.689774010000000000e+09
1.689775504000000000e+09
1.689779944000000000e+09
1.689784399000000000e+09
1.689794042000000000e+09
1.689795924000000000e+09
1.689807208000000000e+09
1.689812547000000000e+09
1.689828493000000000e+09
1.689837452000000000e+09
1.689857609000000000e+09
1.689865917000000000e+09
1.689874067000000000e+09
1.689892531000000000e+09
1.689965147000000000e+09
1.689972739000000000e+09
1.689986945000000000e+09
1.689997835000000000e+09
1.699031609000000000e+09
1.699043299000000000e+09
1.699077925000000000e+09
1.699077958000000000e+09
1.699141903000000000e+09
1.699186783000000000e+09
1.699702910000000000e+09
1.699707950000000000e+09
1.699709873000000000e+09
1.699717843000000000e+09
1.699723304000000000e+09
1.699737916000000000e+09
1.699746933000000000e+09
1.699748228000000000e+09
1.699757971000000000e+09
1.699762914000000000e+09
1.699793414000000000e+09
1.699801316000000000e+09
1.699806760000000000e+09
1.699823435000000000e+09
1.699834747000000000e+09
1.699836783000000000e+09
1.699839365000000000e+09
1.699840264000000000e+09
1.699841056000000000e+09
1.699849885000000000e+09
1.699854943000000000e+09
1.699860684000000000e+09
1.699865097000000000e+09
1.699872721000000000e+09
1.699924548000000000e+09
1.699954388000000000e+09
1.699960690000000000e+09
1.699964593000000000e+09
1.699983163000000000e+09
1.700016045000000000e+09
1.700030293000000000e+09
1.700070976000000000e+09
1.700085289000000000e+09
1.700109386000000000e+09
1.700152055000000000e+09
1.700199072000000000e+09
1.700228640000000000e+09
1.700229531000000000e+09
1.700298171000000000e+09
1.700801610000000000e+09
1.700808391000000000e+09
1.700808672000000000e+09
1.700822350000000000e+09
1.700822921000000000e+09
1.700832052000000000e+09
1.700869864000000000e+09
1.700900321000000000e+09
1.700907771000000000e+09
1.700925203000000000e+09
1.700930823000000000e+09
1.700945946000000000e+09
1.700981917000000000e+09
1.700981925000000000e+09
1.700983038000000000e+09
1.700986890000000000e+09
1.700995859000000000e+09
1.710006978000000000e+09
1.710019955000000000e+09
1.710021118000000000e+09
1.710022686000000000e+09
1.710024880000000000e+09
1.710061056000000000e+09
1.710089925000000000e+09
1.710101480000000000e+09
1.710101688000000000e+09
1.710102033000000000e+09
1.710104609000000000e+09
1.710120357000000000e+09
1.710155155000000000e+09
1.710178363000000000e+09
1.710192885000000000e+09
1.710205273000000000e+09
1.710209291000000000e+09
1.710215769000000000e+09
1.710221882000000000e+09
1.710246582000000000e+09
1.710271804000000000e+09
1.710286257000000000e+09
1.710393533000000000e+09
1.710909148000000000e+09
1.710928239000000000e+09
1.710948997000000000e+09
1.710976576000000000e+09
1.710997879000000000e+09
1.720003882000000000e+09
1.720006919000000000e+09
1.720023005000000000e+09
1.720036684000000000e+09
1.720060460000000000e+09
1.720083272000000000e+09
1.720087372000000000e+09
1.720098577000000000e+09
1.720107170000000000e+09
1.720138936000000000e+09
1.720150691000000000e+09
1.720155419000000000e+09
1.720156839000000000e+09
1.720159916000000000e+09
1.720161839000000000e+09
1.720170921000000000e+09
1.720178148000000000e+09
1.720189087000000000e+09
1.720190739000000000e+09
1.720190887000000000e+09
1.720192859000000000e+09
1.720196140000000000e+09
1.720200165000000000e+09
1.720201015000000000e+09
1.720209521000000000e+09
1.720255144000000000e+09
1.720256324000000000e+09
1.720263957000000000e+09
1.720280183000000000e+09
1.720285810000000000e+09
1.720317837000000000e+09
1.720382492000000000e+09
1.720397748000000000e+09
1.720398548000000000e+09
1.730158304000000000e+09
1.730160193000000000e+09
1.730198862000000000e+09
1.730210428000000000e+09
1.730218157000000000e+09
1.730241944000000000e+09
1.730252289000000000e+09
1.730257775000000000e+09
1.730258807000000000e+09
1.730260662000000000e+09
1.730278011000000000e+09
1.730280124000000000e+09
1.730282195000000000e+09
1.730291261000000000e+09
1.730313982000000000e+09
1.730315763000000000e+09
1.730360702000000000e+09
1.730379983000000000e+09
1.730382466000000000e+09
1.730383993000000000e+09
1.730386947000000000e+09
1.730409707000000000e+09
1.730416942000000000e+09
1.730418856000000000e+09
1.730426685000000000e+09
1.730456492000000000e+09
1.730460601000000000e+09
1.730485525000000000e+09
1.730492976000000000e+09
1.730495664000000000e+09
1.730510082000000000e+09
1.740205137000000000e+09
1.740209105000000000e+09
1.740236207000000000e+09
1.740260660000000000e+09
1.740280957000000000e+09
1.740288836000000000e+09
1.740290253000000000e+09
1.740296961000000000e+09
1.740303676000000000e+09
1.740316637000000000e+09
1.740317742000000000e+09
1.740330398000000000e+09
1.740340264000000000e+09
1.740364512000000000e+09
1.740380997000000000e+09
1.740423102000000000e+09
1.740430875000000000e+09
1.740449826000000000e+09
1.740450253000000000e+09
1.740456607000000000e+09
1.740466846000000000e+09
1.740473933000000000e+09
1.740488709000000000e+09
1.740491554000000000e+09
1.740551001000000000e+09
1.740559517000000000e+09
1.740586122000000000e+09
1.740587872000000000e+09
1.740602457000000000e+09
1.740617034000000000e+09
1.750316105000000000e+09
1.750318770000000000e+09
1.750319604000000000e+09
1.750320412000000000e+09
1.750346193000000000e+09
1.750355244000000000e+09
1.750370862000000000e+09
1.750379830000000000e+09
1.750399093000000000e+09
1.750407342000000000e+09
1.750409629000000000e+09
1.750435103000000000e+09
1.750449682000000000e+09
1.750451613000000000e+09
1.750453031000000000e+09
1.750472825000000000e+09
1.750478376000000000e+09
1.750516399000000000e+09
1.750569067000000000e+09
1.750591566000000000e+09
1.750596128000000000e+09
1.750648770000000000e+09
1.750650701000000000e+09
1.750683272000000000e+09
1.750692901000000000e+09
1.760408041000000000e+09
1.760435226000000000e+09
1.760444590000000000e+09
1.760480495000000000e+09
1.760484786000000000e+09
1.760541312000000000e+09
1.760544886000000000e+09
1.760557318000000000e+09
1.760558548000000000e+09
1.760573521000000000e+09
1.760585707000000000e+09
1.760587398000000000e+09
1.760601173000000000e+09
1.760601330000000000e+09
1.760607352000000000e+09
1.760608434000000000e+09
1.760650741000000000e+09
1.760655468000000000e+09
1.760667646000000000e+09
1.760675623000000000e+09
1.760683478000000000e+09
1.760684534000000000e+09
1.760710669000000000e+09
1.760786198000000000e+09
1.760791073000000000e+09
1.760801682000000000e+09
1.760881106000000000e+09
1.760887566000000000e+09
1.770534745000000000e+09
1.770542151000000000e+09
1.770551665000000000e+09
1.770553521000000000e+09
1.770555724000000000e+09
1.770561086000000000e+09
1.770563512000000000e+09
1.770574493000000000e+09
1.770575821000000000e+09
1.770579401000000000e+09
1.770579518000000000e+09
1.770587651000000000e+09
1.770591042000000000e+09
1.770593030000000000e+09
1.770606576000000000e+09
1.770609257000000000e+09
1.770614695000000000e+09
1.770634404000000000e+09
1.770656506000000000e+09
1.770667677000000000e+09
1.770668931000000000e+09
1.770674335000000000e+09
1.770677072000000000e+09
1.770686354000000000e+09
1.770716425000000000e+09
1.770737918000000000e+09
1.770765547000000000e+09
1.770769507000000000e+09
1.770784852000000000e+09
1.770814980000000000e+09
1.770830556000000000e+09
1.770841397000000000e+09
1.770860991000000000e+09
1.780607978000000000e+09
1.780608976000000000e+09
1.780615252000000000e+09
1.780620872000000000e+09
1.780666198000000000e+09
1.780669929000000000e+09
1.780708487000000000e+09
1.780708594000000000e+09
1.780714667000000000e+09
1.780719690000000000e+09
1.780732412000000000e+09
1.780737684000000000e+09
1.780737957000000000e+09
1.780746230000000000e+09
1.780756940000000000e+09
1.780772327000000000e+09
1.780778944000000000e+09
1.780785907000000000e+09
1.780795153000000000e+09
1.780808840000000000e+09
1.780812768000000000e+09
1.780827469000000000e+09
1.780837534000000000e+09
1.780842815000000000e+09
1.780874537000000000e+09
1.780878637000000000e+09
1.780890947000000000e+09
1.780898239000000000e+09
1.780898577000000000e+09
1.780903393000000000e+09
1.780955195000000000e+09
1.780999847000000000e+09
1.790020881000000000e+09
1.790049740000000000e+09
1.790101780000000000e+09
1.790709913000000000e+09
1.790719508000000000e+09
1.790719748000000000e+09
1.790726735000000000e+09
1.790727642000000000e+09
1.790733665000000000e+09
1.790740686000000000e+09
1.790741882000000000e+09
1.790746733000000000e+09
1.790764207000000000e+09
1.790785277000000000e+09
1.790788750000000000e+09
1.790810307000000000e+09
1.790826899000000000e+09
1.790869733000000000e+09
1.790880250000000000e+09
1.790881605000000000e+09
1.790916393000000000e+09
1.790925857000000000e+09
1.790926566000000000e+09
1.790931566000000000e+09
1.790946705000000000e+09
1.790963460000000000e+09
1.790967321000000000e+09
1.790987600000000000e+09
1.801019146000000000e+09
1.801022900000000000e+09
1.801024179000000000e+09
1.801035084000000000e+09
1.801069497000000000e+09
1.801085972000000000e+09
1.801121058000000000e+09
1.801179726000000000e+09
1.801197298000000000e+09
1.801242813000000000e+09
1.801807631000000000e+09
1.801813431000000000e+09
1.801827647000000000e+09
1.801836226000000000e+09
1.801838651000000000e+09
1.801839139000000000e+09
1.801845615000000000e+09
1.801846597000000000e+09
1.801846712000000000e+09
1.801847413000000000e+09
1.801850292000000000e+09
1.801853734000000000e+09
1.801855077000000000e+09
1.801880638000000000e+09
1.801901814000000000e+09
1.801908173000000000e+09
1.801909338000000000e+09
1.801915566000000000e+09
1.801919865000000000e+09
1.801924741000000000e+09
1.801926134000000000e+09
1.801927702000000000e+09
1.801953054000000000e+09
1.801956511000000000e+09
1.801970058000000000e+09
1.801974613000000000e+09
1.801983085000000000e+09
1.801990312000000000e+09
1.801999800000000000e+09
1.811012065000000000e+09
1.811015746000000000e+09
1.811022270000000000e+09
1.811022312000000000e+09
1.811026339000000000e+09
1.811058282000000000e+09
1.811059967000000000e+09
1.811070006000000000e+09
1.811076110000000000e+09
1.811095961000000000e+09
1.811104581000000000e+09
1.811155690000000000e+09
1.811163132000000000e+09
1.811170277000000000e+09
1.811177553000000000e+09
1.811185176000000000e+09
1.811204605000000000e+09
1.811209299000000000e+09
1.811213481000000000e+09
1.811215825000000000e+09
1.811265507000000000e+09
1.811268014000000000e+09
1.811282098000000000e+09
1.811282635000000000e+09
1.811296981000000000e+09
1.811299126000000000e+09
1.811368863000000000e+09
1.811900228000000000e+09
1.811904170000000000e+09
1.811909260000000000e+09
1.811928559000000000e+09
1.811960974000000000e+09
1.811962251000000000e+09
1.811966120000000000e+09
1.811966468000000000e+09
1.811984594000000000e+09
1.811989221000000000e+09
1.821000704000000000e+09
1.821006396000000000e+09
1.821022955000000000e+09
1.821030560000000000e+09
1.821030727000000000e+09
1.821031238000000000e+09
1.821037094000000000e+09
1.821037508000000000e+09
1.821039348000000000e+09
1.821058694000000000e+09
1.821097130000000000e+09
1.821098054000000000e+09
1.821106980000000000e+09
1.821115932000000000e+09
1.821118803000000000e+09
1.821122243000000000e+09
1.821138371000000000e+09
1.821155755000000000e+09
1.821162694000000000e+09
1.821184862000000000e+09
1.821222472000000000e+09
1.821232596000000000e+09
1.821260985000000000e+09
1.821269275000000000e+09
1.821269481000000000e+09
1.821279258000000000e+09
1.821284191000000000e+09
1.821311937000000000e+09
1.821325143000000000e+09
1.821325648000000000e+09
1.821327651000000000e+09
1.821350406000000000e+09
1.821434168000000000e+09
1.821499724000000000e+09
1.831112077000000000e+09
1.831115674000000000e+09
1.831119684000000000e+09
1.831121979000000000e+09
1.831122662000000000e+09
1.831142991000000000e+09
1.831145929000000000e+09
1.831151356000000000e+09
1.831152255000000000e+09
1.831169085000000000e+09
1.831172204000000000e+09
1.831179084000000000e+09
1.831191022000000000e+09
1.831202126000000000e+09
1.831220003000000000e+09
1.831240696000000000e+09
1.831243807000000000e+09
1.831245760000000000e+09
1.831264431000000000e+09
1.831276880000000000e+09
1.831284470000000000e+09
1.831297266000000000e+09
1.831302371000000000e+09
1.831309343000000000e+09
1.831310937000000000e+09
1.831329135000000000e+09
1.831336080000000000e+09
1.831339902000000000e+09
1.831355148000000000e+09
1.831388487000000000e+09
1.831431360000000000e+09
1.831436054000000000e+09
1.831439298000000000e+09
1.831440122000000000e+09
1.831447184000000000e+09
1.831457233000000000e+09
1.831470673000000000e+09
1.831473321000000000e+09
1.831493550000000000e+09
1.841203320000000000e+09
1.841206307000000000e+09
1.841207255000000000e+09
1.841208089000000000e+09
1.841218799000000000e+09
1.841230166000000000e+09
1.841246105000000000e+09
1.841248234000000000e+09
1.841268026000000000e+09
1.841268703000000000e+09
1.841303310000000000e+09
1.841305497000000000e+09
1.841305562000000000e+09
1.841310125000000000e+09
1.841312394000000000e+09
1.841346160000000000e+09
1.841354008000000000e+09
1.841356540000000000e+09
1.841368727000000000e+09
1.841371515000000000e+09
1.841393097000000000e+09
1.841393386000000000e+09
1.841398955000000000e+09
1.841410701000000000e+09
1.841420106000000000e+09
1.841421716000000000e+09
1.841430071000000000e+09
1.841443496000000000e+09
1.841458478000000000e+09
1.841464021000000000e+09
1.841481587000000000e+09
1.841493707000000000e+09
1.841517737000000000e+09
1.841554037000000000e+09
1.841563640000000000e+09
1.841592904000000000e+09
1.851305197000000000e+09
1.851313225000000000e+09
1.851316830000000000e+09
1.851329429000000000e+09
1.851332449000000000e+09
1.851337901000000000e+09
1.851338248000000000e+09
1.851368583000000000e+09
1.851374664000000000e+09
1.851392138000000000e+09
1.851395115000000000e+09
1.851396154000000000e+09
1.851408041000000000e+09
1.851418271000000000e+09
1.851423065000000000e+09
1.851450613000000000e+09
1.851473334000000000e+09
1.851515217000000000e+09
1.851536395000000000e+09
1.851539225000000000e+09
1.851557300000000000e+09
1.851561963000000000e+09
1.851566012000000000e+09
1.851567168000000000e+09
1.851571640000000000e+09
1.851602874000000000e+09
1.851618458000000000e+09
1.851629422000000000e+09
1.851712483000000000e+09
1.861421257000000000e+09
1.861424855000000000e+09
1.861424954000000000e+09
1.861428922000000000e+09
1.861431892000000000e+09
1.861441305000000000e+09
1.861452856000000000e+09
1.861480006000000000e+09
1.861487308000000000e+09
1.861493009000000000e+09
1.861509101000000000e+09
1.861521163000000000e+09
1.861525750000000000e+09
1.861575805000000000e+09
1.861584195000000000e+09
1.861588717000000000e+09
1.861594889000000000e+09
1.861596827000000000e+09
1.861601635000000000e+09
1.861607301000000000e+09
1.861629909000000000e+09
1.861635187000000000e+09
1.861636201000000000e+09
1.861645061000000000e+09
1.861669731000000000e+09
1.861727182000000000e+09
1.861766800000000000e+09
1.861777203000000000e+09
1.861797599000000000e+09
1.861829509000000000e+09
1.871514976000000000e+09
1.871521476000000000e+09
1.871522540000000000e+09
1.871523852000000000e+09
1.871528117000000000e+09
1.871544288000000000e+09
1.871570358000000000e+09
1.871571406000000000e+09
1.871584656000000000e+09
1.871586933000000000e+09
1.871596098000000000e+09
1.871596437000000000e+09
1.871597310000000000e+09
1.871627323000000000e+09
1.871637223000000000e+09
1.871638502000000000e+09
1.871645788000000000e+09
1.871663740000000000e+09
1.871676254000000000e+09
1.871683847000000000e+09
1.871699173000000000e+09
1.871702613000000000e+09
1.871704510000000000e+09
1.871736405000000000e+09
1.871759498000000000e+09
1.871786590000000000e+09
1.871797266000000000e+09
1.871803668000000000e+09
1.871833434000000000e+09
1.871850909000000000e+09
1.871852699000000000e+09
1.871904664000000000e+09
1.871915322000000000e+09
1.881038313000000000e+09
1.881614352000000000e+09
1.881622090000000000e+09
1.881627222000000000e+09
1.881636835000000000e+09
1.881646446000000000e+09
1.881658219000000000e+09
1.881660959000000000e+09
1.881664829000000000e+09
1.881678142000000000e+09
1.881678548000000000e+09
1.881681666000000000e+09
1.881693109000000000e+09
1.881700581000000000e+09
1.881716348000000000e+09
1.881736346000000000e+09
1.881746501000000000e+09
1.881752855000000000e+09
1.881770899000000000e+09
1.881772861000000000e+09
1.881785293000000000e+09
1.881805554000000000e+09
1.881843431000000000e+09
1.881857399000000000e+09
1.881879625000000000e+09
1.881886802000000000e+09
1.881900967000000000e+09
1.881923134000000000e+09
1.881926418000000000e+09
1.881926855000000000e+09
1.881936995000000000e+09
1.881968899000000000e+09
1.891026878000000000e+09
1.891055315000000000e+09
1.891084638000000000e+09
1.891087201000000000e+09
1.891703997000000000e+09
1.891710513000000000e+09
1.891715678000000000e+09
1.891719621000000000e+09
1.891722237000000000e+09
1.891731758000000000e+09
1.891732442000000000e+09
1.891743654000000000e+09
1.891747051000000000e+09
1.891748547000000000e+09
1.891750923000000000e+09
1.891757720000000000e+09
1.891772786000000000e+09
1.891780425000000000e+09
1.891781852000000000e+09
1.891793147000000000e+09
1.891807194000000000e+09
1.891830667000000000e+09
1.891868501000000000e+09
1.891868881000000000e+09
1.891869566000000000e+09
1.891879003000000000e+09
1.891882437000000000e+09
1.891891172000000000e+09
1.891895462000000000e+09
1.891914370000000000e+09
1.891914545000000000e+09
1.891917969000000000e+09
1.891930491000000000e+09
1.891936217000000000e+09
1.891940243000000000e+09
1.891962619000000000e+09
1.891969572000000000e+09
1.891978771000000000e+09
1.891980918000000000e+09
1.891987673000000000e+09
1.902060247000000000e+09
1.902082498000000000e+09
1.902090194000000000e+09
1.902091390000000000e+09
1.902099203000000000e+09
1.902100522000000000e+09
1.902120363000000000e+09
1.902137664000000000e+09
1.902143605000000000e+09
1.902143670000000000e+09
1.902147432000000000e+09
1.902166028000000000e+09
1.902179476000000000e+09
1.902186539000000000e+09
1.902188527000000000e+09
1.902198435000000000e+09
1.902216302000000000e+09
1.902245863000000000e+09
1.902287188000000000e+09
1.902815087000000000e+09
1.902829112000000000e+09
1.902833981000000000e+09
1.902838790000000000e+09
1.902845480000000000e+09
1.902863087000000000e+09
1.902866619000000000e+09
1.902868037000000000e+09
1.902876659000000000e+09
1.902881279000000000e+09
1.902903149000000000e+09
1.902903552000000000e+09
1.902903826000000000e+09
1.902906092000000000e+09
1.902953326000000000e+09
1.902964331000000000e+09
1.902970270000000000e+09
1.902970825000000000e+09
1.902975915000000000e+09
1.902997513000000000e+09
1.912011594000000000e+09
1.912013137000000000e+09
1.912032780000000000e+09
1.912049388000000000e+09
1.912063900000000000e+09
1.912067356000000000e+09
1.912069394000000000e+09
1.912093741000000000e+09
1.912112830000000000e+09
1.912139957000000000e+09
1.912182528000000000e+09
1.912191156000000000e+09
1.912200932000000000e+09
1.912204538000000000e+09
1.912208000000000000e+09
1.912230434000000000e+09
1.912283375000000000e+09
1.912932815000000000e+09
1.912938291000000000e+09
1.912939760000000000e+09
1.912951716000000000e+09
1.912963174000000000e+09
1.912993460000000000e+09
1.912998337000000000e+09
1.922005339000000000e+09
1.922014877000000000e+09
1.922015619000000000e+09
1.922022623000000000e+09
1.922029834000000000e+09
1.922032770000000000e+09
1.922034297000000000e+09
1.922037613000000000e+09
1.922048156000000000e+09
1.922058932000000000e+09
1.922068733000000000e+09
1.922070549000000000e+09
1.922080290000000000e+09
1.922103258000000000e+09
1.922114040000000000e+09
1.922150424000000000e+09
1.922151851000000000e+09
1.922161025000000000e+09
1.922163427000000000e+09
1.922163468000000000e+09
1.922165083000000000e+09
1.922183318000000000e+09
1.922215185000000000e+09
1.922232297000000000e+09
1.922241058000000000e+09
1.922266469000000000e+09
1.922266626000000000e+09
1.922290048000000000e+09
1.922301548000000000e+09
1.922325364000000000e+09
1.922348218000000000e+09
1.922357748000000000e+09
1.932105996000000000e+09
1.932108701000000000e+09
1.932110673000000000e+09
1.932122728000000000e+09
1.932123916000000000e+09
1.932125945000000000e+09
1.932145869000000000e+09
1.932147410000000000e+09
1.932162369000000000e+09
1.932167103000000000e+09
1.932187499000000000e+09
1.932192960000000000e+09
1.932195757000000000e+09
1.932215746000000000e+09
1.932216959000000000e+09
1.932243011000000000e+09
1.932243110000000000e+09
1.932260064000000000e+09
1.932265121000000000e+09
1.932281896000000000e+09
1.932282845000000000e+09
1.932287976000000000e+09
1.932291721000000000e+09
1.932312691000000000e+09
1.932325032000000000e+09
1.932344629000000000e+09
1.932347358000000000e+09
1.932368644000000000e+09
1.932373735000000000e+09
1.932383544000000000e+09
1.932397536000000000e+09
1.932428208000000000e+09
1.932429826000000000e+09
1.932437050000000000e+09
1.932471943000000000e+09
1.932491057000000000e+09
1.932541497000000000e+09
1.942202841000000000e+09
1.942203880000000000e+09
1.942214465000000000e+09
1.942219290000000000e+09
1.942241963000000000e+09
1.942261722000000000e+09
1.942264973000000000e+09
1.942288006000000000e+09
1.942288386000000000e+09
1.942290598000000000e+09
1.942291752000000000e+09
1.942313192000000000e+09
1.942320635000000000e+09
1.942339734000000000e+09
1.942344395000000000e+09
1.942370085000000000e+09
1.942373923000000000e+09
1.942377916000000000e+09
1.942381439000000000e+09
1.942385687000000000e+09
1.942395322000000000e+09
1.942406830000000000e+09
1.942409768000000000e+09
1.942418140000000000e+09
1.942423769000000000e+09
1.942426275000000000e+09
1.942428289000000000e+09
1.942458559000000000e+09
1.942461470000000000e+09
1.942465927000000000e+09
1.942476080000000000e+09
1.942477500000000000e+09
1.942498027000000000e+09
1.942503040000000000e+09
1.942509757000000000e+09
1.942525761000000000e+09
1.942568191000000000e+09
1.942568738000000000e+09
1.942596515000000000e+09
1.942648050000000000e+09
1.942656392000000000e+09
1.952308900000000000e+09
1.952309239000000000e+09
1.952311169000000000e+09
1.952339020000000000e+09
1.952340473000000000e+09
1.952357303000000000e+09
1.952364481000000000e+09
1.952390940000000000e+09
1.952392177000000000e+09
1.952403925000000000e+09
1.952414799000000000e+09
1.952421034000000000e+09
1.952433963000000000e+09
1.952455941000000000e+09
1.952470924000000000e+09
1.952477622000000000e+09
1.952484248000000000e+09
1.952493678000000000e+09
1.952505760000000000e+09
1.952515363000000000e+09
1.952521965000000000e+09
1.952561250000000000e+09
1.952578098000000000e+09
1.952598906000000000e+09
1.952632036000000000e+09
1.952653610000000000e+09
1.952685505000000000e+09
1.962409615000000000e+09
1.962421198000000000e+09
1.962432591000000000e+09
1.962433417000000000e+09
1.962443739000000000e+09
1.962443762000000000e+09
1.962461640000000000e+09
1.962479675000000000e+09
1.962504753000000000e+09
1.962507350000000000e+09
1.962511915000000000e+09
1.962520106000000000e+09
1.962526269000000000e+09
1.962534909000000000e+09
1.962535484000000000e+09
1.962539619000000000e+09
1.962556126000000000e+09
1.962574582000000000e+09
1.962597575000000000e+09
1.962626838000000000e+09
1.962640508000000000e+09
1.962651687000000000e+09
1.962667527000000000e+09
1.962671495000000000e+09
1.962727073000000000e+09
1.962729731000000000e+09
1.962733410000000000e+09
1.962760645000000000e+09
1.962776104000000000e+09
1.962829754000000000e+09
1.972523405000000000e+09
1.972526572000000000e+09
1.972529345000000000e+09
1.972533651000000000e+09
1.972560449000000000e+09
1.972562148000000000e+09
1.972562221000000000e+09
1.972565448000000000e+09
1.972592947000000000e+09
1.972596807000000000e+09
1.972607398000000000e+09
1.972614451000000000e+09
1.972616761000000000e+09
1.972626273000000000e+09
1.972650653000000000e+09
1.972656015000000000e+09
1.972665578000000000e+09
1.972670693000000000e+09
1.972680890000000000e+09
1.972687754000000000e+09
1.972691418000000000e+09
1.972694677000000000e+09
1.972726925000000000e+09
1.972727501000000000e+09
1.972748523000000000e+09
1.972777951000000000e+09
1.972789899000000000e+09
1.972791820000000000e+09
1.972824845000000000e+09
1.972839447000000000e+09
1.972869196000000000e+09
1.972885739000000000e+09
1.972931210000000000e+09
1.972949105000000000e+09
1.972960599000000000e+09
1.982011243000000000e+09
1.982601704000000000e+09
1.982602389000000000e+09
1.982602686000000000e+09
1.982603890000000000e+09
1.982604344000000000e+09
1.982609723000000000e+09
1.982612586000000000e+09
1.982613253000000000e+09
1.982619649000000000e+09
1.982626180000000000e+09
1.982636056000000000e+09
1.982637625000000000e+09
1.982637856000000000e+09
1.982646089000000000e+09
1.982647343000000000e+09
1.982654158000000000e+09
1.982661385000000000e+09
1.982712402000000000e+09
1.982714796000000000e+09
1.982716965000000000e+09
1.982727947000000000e+09
1.982753653000000000e+09
1.982771697000000000e+09
1.982779799000000000e+09
1.982781506000000000e+09
1.982782900000000000e+09
1.982786471000000000e+09
1.982791638000000000e+09
1.982805883000000000e+09
1.982834644000000000e+09
1.982837845000000000e+09
1.982881587000000000e+09
1.982913216000000000e+09
1.982919171000000000e+09
1.982923728000000000e+09
1.982947248000000000e+09
1.992011670000000000e+09
1.992030050000000000e+09
1.992034250000000000e+09
1.992073167000000000e+09
1.992093520000000000e+09
1.992113922000000000e+09
1.992175301000000000e+09
1.992191597000000000e+09
1.992701544000000000e+09
1.992717250000000000e+09
1.992720700000000000e+09
1.992744304000000000e+09
1.992753347000000000e+09
1.992763510000000000e+09
1.992764344000000000e+09
1.992798086000000000e+09
1.992822332000000000e+09
1.992836621000000000e+09
1.992846216000000000e+09
1.992850416000000000e+09
1.992851836000000000e+09
1.992857684000000000e+09
1.992862452000000000e+09
1.992871354000000000e+09
1.992880801000000000e+09
1.992884936000000000e+09
1.992906937000000000e+09
1.992913073000000000e+09
1.992916076000000000e+09
1.992936710000000000e+09
1.992978571000000000e+09
1.992991996000000000e+09
